3.000000000000000000e+00 7.000000000000000000e+00
8.000000000000000000e+00 3.000000000000000000e+00
0.000000000000000000e+00 0.000000000000000000e+00
8.870967741935483764e-01 8.464912280701755165e+00
8.640552995391708180e-01 6.213450292397661556e+00
2.108294930875576068e+00 6.242690058479532844e+00
0.000000000000000000e+00 0.000000000000000000e+00
5.887096774193548931e+00 7.646198830409358216e+00
7.753456221198158360e+00 6.652046783625732651e+00
5.357142857142856762e+00 4.283625730994151226e+00
1.394009216589861877e+00 4.049707602339180923e+00
1.486175115207373665e+00 4.780701754385964897e+00
0.000000000000000000e+00 0.000000000000000000e+00
7.292626728110599643e+00 5.043859649122807376e+00
9.458525345622120994e+00 5.102339181286549952e+00
9.343317972350231315e+00 3.815789473684211064e+00
0.000000000000000000e+00 0.000000000000000000e+00
7.546082949308756227e+00 2.558479532163743020e+00
7.500000000000000000e+00 1.359649122807017774e+00
3.767281105990784251e+00 1.944444444444444198e+00
0.000000000000000000e+00 0.000000000000000000e+00
1.947004608294931272e+00 3.523391812865497741e+00
2.891705069124424377e+00 3.406432748538011701e+00
2.937788018433180603e+00 1.301169590643274976e+00
1.716589861751152579e+00 1.301169590643274976e+00
0.000000000000000000e+00 0.000000000000000000e+00
